14
3 2 5
35 1 5
4 3 7
6 7 7 100
30 10 1
10000 100000 1000000000 1000000000 1000000000 1000000000 1000000000 1000000000 1000000000 1000000000 1000000000 1000000000 1000000000 1000000000 1000000000 1000000000 1000000000 1000000000 1000000000 1000000000 1000000000 1000000000 1000000000 1000000000 1000000000 1000000000 1000000000 1000000000 1000000000 1000000000
10 2 4
2 2 2 4 4 4 100 100 100 100
5 1 6
67 8 1 2 3
2 67 89
67 89
10 22 33
22 33 22 33 44 66 789 890 9000 10000
8 1 1
1 1 1 1 10 10 10 10
9 90 90
1 1 1 1 1 2 2 2 2
11 20 30
60 20 30 40 20 61 72 88 94 101 110
12 3 6
1 2 3 4 5 6 7 8 9 10 11 12
48 491594553 860045456
71534229 832411325 274124035 850216624 234595624 68659870 767699845 649526933 939768424 93145326 563822156 106586646 400380918 135805970 508765994 697645646 862604667 134520566 734339313 245259248 844007509 897660294 696886049 980959770 758879565 583452616 677768104 995243434 306251949 805671826 834930213 806885359 755942873 618594053 741896838 770084978 81751620 195849997 351413693 629892195 651208497 77488934 419846745 880446015 139307593 585523515 123629246 12995840
10 15 20
10 15 17 19 20 20 30 30 50 50
1 1 1 
1
